21.834637785027603
24.100599599448124
26.828965133838135
31.681583159158702
32.46625062288296
33.42432080791853
33.42432080791853
36.26990676293924
36.26990676293924
36.94676676538189
37.099066661546125
37.25670835333395
37.41039536759923
37.413148075938786
37.413148075938786
37.46589893270089
37.46589893270089
37.46589893270089
37.46589893270089
37.491229691588345
37.491229691588345
37.491229691588345
37.51387066150618
37.51387066150618
37.51387066150618
37.51387066150618
37.51387066150618
38.574158489229795
38.574158489229795
38.60887555423126
38.609003728045316
38.609003728045316
38.609003728045316
38.808599561422106
38.808599561422106
38.808599561422106
38.82491266290477
38.82491266290477
38.82491266290477
39.12397008287217
39.12397008287217
39.36048667223172
39.36048667223172
39.36048667223172
39.43270977443278
39.43270977443278
39.43270977443278
39.43270977443278
39.43270977443278
39.72435549011048
39.72435549011048
39.72435549011048
39.72435549011048
39.72435549011048
39.72435549011048
39.72435549011048
39.72435549011048
39.72435549011048
39.72435549011048
39.72435549011048
39.72435549011048
39.81518730721855
39.81518730721855
39.81518730721855
39.81518730721855
39.81518730721855
39.81518730721855
39.81518730721855
39.81518730721855
39.81518730721855
39.81518730721855
39.81518730721855
39.81518730721855
39.81518730721855
39.81518730721855
39.81518730721855
39.81518730721855
39.81518730721855
39.81518730721855
39.81518730721855
39.81518730721855
39.81518730721855
39.81518730721855
39.81518730721855
39.81518730721855
40.04141977550745
40.04141977550745
40.04141977550745
40.04141977550745
40.04141977550745
40.04141977550745
40.04141977550745
40.04141977550745
40.04141977550745
40.04141977550745
40.04141977550745
40.04141977550745
40.04141977550745
40.04141977550745
40.04141977550745
40.04141977550745
40.04141977550745
40.04141977550745
40.04141977550745
40.04141977550745
40.04141977550745
40.04141977550745
40.04141977550745
40.04141977550745
40.102747664914666
40.102747664914666
40.102747664914666
40.102747664914666
40.102747664914666
40.24072713116112
40.24072713116112
40.24072713116112
40.24072713116112
40.24072713116112
40.24072713116112
40.24072713116112
40.24072713116112
40.24072713116112
40.24072713116112
40.24072713116112
40.24072713116112
40.24072713116112
40.24072713116112
40.395211062142934
40.395211062142934
40.395211062142934
40.395211062142934
40.395211062142934
40.76245372257411
40.76245372257411
40.76245372257411
40.76245372257411
40.76245372257411
40.76245372257411
40.76245372257411
40.76245372257411
40.76245372257411
40.76245372257411
40.76245372257411
40.76245372257411
40.76245372257411
40.76245372257411
40.76245372257411
40.76245372257411
40.76245372257411
40.76245372257411
40.76245372257411
40.76245372257411
40.76245372257411
40.76245372257411
40.76245372257411
40.82360609963579
40.82360609963579
40.82360609963579
40.82360609963579
40.82360609963579
40.82360609963579
40.82360609963579
40.82360609963579
40.82360609963579
40.82360609963579
41.3903525136449
41.3903525136449
41.3903525136449
41.3903525136449
41.3903525136449
41.3903525136449
41.3903525136449
41.390356778083934
41.390356778083934
41.390356778083934
41.390356778083934
41.390356778083934
41.390356778083934
41.390356778083934
41.390356778083934
41.390356778083934
41.390356778083934
41.390356778083934
41.390356778083934
41.390356778083934
41.390356778083934
41.390356778083934
41.390356778083934
41.390356778083934
41.390356778083934
41.390356778083934
41.390356778083934
41.390356778083934
41.390356778083934
41.390356778083934
41.390356778083934
41.47129542523811
41.47129542523811
41.47129542523811
41.47129542523811
41.47129542523811
41.47129542523811
41.47129542523811
41.47129542523811
41.47129542523811
41.47129542523811
41.47129542523811
41.47129752322644
41.47129752322644
41.47129752322644
41.47129752322644
41.623805681788305
41.623805681788305
41.623805681788305
41.623805681788305
41.85309545231073
41.85309545231073
41.85309545231073
41.85309545231073
41.85309545231073
41.85309545231073
41.85309545231073
41.85309545231073
41.85309545231073
41.85309545231073
41.85309545231073
41.85309545231073
41.85309545231073
41.85309545231073
41.85309545231073
41.85309545231073
41.85309545231073
41.85309545231073
41.85309545231073
41.85309545231073
41.85309545231073
41.85309545231073
41.85309545231073
41.85309545231073
41.85309545231073
41.85309545231073
--------------------------------

Finishing criteria ContentFinishCriteria was met. Processing stopped.
Finished after 25 generations without Fitness improvements.
Processed generations: 242. Processing time: 0 minutes, 3 seconds.
Best archived fitness: 41.85309545231073.
Best individual in population:
Class: ARCHER
Height: 1.9090169768910061
Item 0. originFile: armas.tsv, ID: 577235
Item 1. originFile: botas.tsv, ID: 464835
Item 2. originFile: cascos.tsv, ID: 798938
Item 3. originFile: guantes.tsv, ID: 547298
Item 4. originFile: pecheras.tsv, ID: 602260
