22.581182302897076
22.982705432999197
22.982705432999197
24.265143286966
28.567253451304165
28.567253451304165
30.00436013899576
30.00436013899576
31.018221981697643
32.96646156394251
34.592325127271536
34.592325127271536
34.592325127271536
35.201326876042955
36.625198662138935
36.625198662138935
36.94338653534317
37.266439281518075
37.266439281518075
37.3398357295727
37.34403610846955
37.53452206961659
37.6488205307887
37.6488205307887
38.11696139590634
38.11696139590634
38.11696139590634
38.11696139590634
38.27208291483474
38.27208291483474
39.204876556470296
39.2825546964053
39.2825546964053
39.2825546964053
39.2825546964053
39.2825546964053
39.420017440564926
39.420017440564926
39.50214038426073
39.50214038426073
39.766387526110144
39.766387526110144
39.879302455107975
39.879302455107975
39.879302455107975
39.879302455107975
39.879302455107975
40.016792976675916
40.01690055083689
40.01690055083689
40.01690055083689
40.01690055083689
40.01759305469889
40.01759305469889
40.01759305469889
40.01759305469889
40.01759305469889
40.01788653673232
40.01788653673232
40.01788653673232
40.01788653673232
40.01788653673232
40.01788653673232
40.01788653673232
40.01788653673232
40.01788653673232
40.01788653673232
40.01788653673232
40.01788653673232
40.01788653673232
40.13362722423625
40.13362722423625
40.13362722423625
40.13362722423625
40.13362722423625
40.13439922169915
40.13439922169915
40.13439922169915
40.13439922169915
40.13439922169915
40.13439922169915
40.13439922169915
40.13439922169915
40.13439922169915
40.16027530315308
40.16027530315308
40.16027530315308
40.16027530315308
40.16027530315308
40.16027530315308
40.16027530315308
40.16027530315308
40.16027530315308
40.16027530315308
40.16027530315308
40.16027530315308
40.16027530315308
40.16027530315308
40.16027530315308
40.16027530315308
40.16027530315308
40.16027530315308
40.16027530315308
40.16027530315308
40.16027530315308
40.16027530315308
40.16027530315308
40.16027530315308
40.16027530315308
40.16027530315308
--------------------------------

Finishing criteria ContentFinishCriteria was met. Processing stopped.
Finished after 25 generations without Fitness improvements.
Processed generations: 110. Processing time: 0 minutes, 0 seconds.
Best archived fitness: 40.16027530315308.
Best individual in population:
Class: ARCHER
Height: 1.908703615226437
Item 0. originFile: armas.tsv, ID: 580983
Item 1. originFile: botas.tsv, ID: 86800
Item 2. originFile: cascos.tsv, ID: 102691
Item 3. originFile: guantes.tsv, ID: 909101
Item 4. originFile: pecheras.tsv, ID: 487633