22.566793497185763
21.58044529994823
22.862405587221705
24.589485992626184
25.597609257526408
27.167627686543028
28.911796353320515
30.518926496001004
32.399671242825974
33.321754446170104
34.68976146839668
35.72026189307284
35.98302339860624
36.70127675933008
36.80004912503239
36.80004912503239
37.20916326666657
37.09995217246596
37.20916326666657
38.28503490533923
38.54221990328665
38.54221990328665
38.54226071770914
38.54226071770914
38.54226071770914
38.54226071770914
38.54452517387498
38.568012848784086
38.61713304350652
38.61721498917094
38.61721498917094
38.88749193615031
38.951409327521596
38.951409327521596
38.951409327521596
38.951409327521596
38.951409327521596
38.951409327521596
38.951409327521596
39.186760469302165
38.9519316366608
38.9519316366608
38.9519316366608
38.9519316366608
38.9519316366608
38.9519316366608
38.9519316366608
38.9519316366608
38.9519316366608
39.3631260031678
39.3631260031678
39.3631260031678
38.9519316366608
38.95213009953119
38.95213009953119
38.95213009953119
38.95213009953119
39.48975448320601
39.48975448320601
39.48975448320601
39.489975542522835
39.489975542522835
39.489975542522835
39.489975542522835
39.489975542522835
39.489975542522835
39.489975542522835
39.489975542522835
39.489975542522835
39.49836399351171
39.49836399351171
39.49836399351171
39.49836399351171
39.49836399351171
39.49836399351171
39.49836399351171
39.49836399351171
39.49836399351171
39.49836399351171
39.49836399351171
39.49836399351171
39.49836399351171
39.49836399351171
40.830861692906865
40.830861692906865
40.830861692906865
40.830873467609166
40.830873467609166
40.83086983179897
40.83086983179897
40.83086983179897
40.83086983179897
40.83086983179897
40.83086983179897
40.83086983179897
40.92768708265549
40.83086983179897
40.83086983179897
40.83086983179897
40.83086983179897
40.83086983179897
40.83086983179897
40.83086983179897
40.83086983179897
40.83086983179897
40.83086983179897
40.83086983179897
40.83086983179897
40.83086983179897
40.83086983179897
40.83086983179897
40.83086983179897
40.83091561432381
40.83086983179897
40.83086983179897
40.83086983179897
40.83086983179897
40.83086983179897
40.83086983179897
40.83086983179897
40.83086983179897
40.83086983179897
40.83086983179897
40.83086983179897
40.83086983179897
40.83086983179897
40.830877698101474
40.83088842490648
40.830877698101474
40.830877698101474
40.830877698101474
40.830877698101474
40.830877698101474
40.830877698101474
40.830877698101474
40.830877698101474
40.830877698101474
40.830877698101474
40.830877698101474
40.830877698101474
40.987452139912875
40.987452139912875
40.987452139912875
40.987452139912875
40.987452139912875
40.987452139912875
40.987452139912875
40.987452139912875
40.987452139912875
40.987452139912875
40.987452139912875
40.987452139912875
40.987452139912875
40.987452139912875
40.987452139912875
40.987452139912875
40.987452139912875
40.987452139912875
40.987452139912875
40.987452139912875
40.987452139912875
40.987452139912875
40.987452139912875
40.987452139912875
40.987452139912875
40.987452139912875
--------------------------------

Finishing criteria ContentFinishCriteria was met. Processing stopped.
Finished after 25 generations without Fitness improvements.
Processed generations: 166. Processing time: 0 minutes, 1 seconds.
Best archived fitness: 40.987452139912875.
Best individual in population:
Class: ARCHER
Height: 1.9087452499844986
Item 0. originFile: armas.tsv, ID: 893311
Item 1. originFile: botas.tsv, ID: 663891
Item 2. originFile: cascos.tsv, ID: 269174
Item 3. originFile: guantes.tsv, ID: 53941
Item 4. originFile: pecheras.tsv, ID: 75398
