21.983541915143984
24.07120014858593
24.07120014858593
27.776128111278574
27.776128111278574
28.334481169307328
29.320865612163573
29.77835285241809
30.68989386190803
30.538031982444085
31.481284056244014
32.36851946174709
32.316531735193436
32.32948759715332
33.00381518660635
33.6299596225112
33.6299596225112
33.72282000511637
33.72282000511637
33.93034333740921
34.85912656007314
34.85912656007314
34.85912656007314
34.91196775702743
34.95339937290268
35.434139111136346
35.54953353956754
35.54953353956754
36.3788688949848
36.3788688949848
36.3788688949848
36.68704605190895
36.94832978826435
36.94832978826435
37.001247868349196
37.001247868349196
37.001247868349196
37.001247868349196
37.001247868349196
37.001247868349196
37.161338126358544
37.161338126358544
37.161338126358544
37.161338126358544
37.161338126358544
37.161338126358544
37.161338126358544
37.161338126358544
37.161338126358544
37.252402703494596
37.161338126358544
37.161338126358544
37.161338126358544
37.161338126358544
37.161338126358544
37.161338126358544
37.161338126358544
37.161338126358544
37.16188304512641
37.30276094732544
37.433327713866994
37.213755718582675
37.30276094732544
37.30276094732544
37.30276094732544
37.337674022277
37.303525713428535
37.30628196669091
37.30276094732544
37.30276094732544
37.31076097980417
37.31076097980417
37.31076097980417
37.31076097980417
37.31076097980417
37.30628196669091
37.30628196669091
37.30628196669091
37.30628196669091
37.415855636013966
37.415855636013966
37.415855636013966
37.415855636013966
37.415855636013966
37.415855636013966
37.415855636013966
37.415855636013966
37.356263892838285
37.407214432861316
37.370686781739124
37.370686781739124
37.41593518832337
37.407214432861316
37.407214432861316
37.407214432861316
37.407214432861316
37.412362442675644
37.412362442675644
38.14596076967431
38.14596076967431
38.14596076967431
38.14596076967431
37.41552857751519
37.41552857751519
37.41552857751519
37.41552857751519
37.41552857751519
37.41552857751519
37.41552857751519
37.41552857751519
37.41552857751519
37.41552857751519
37.41552857751519
37.416405834465486
37.416405834465486
37.416405834465486
37.416405834465486
37.416405834465486
37.416405834465486
37.416405834465486
37.416689894656216
37.416405834465486
37.416405834465486
37.416405834465486
37.416405834465486
37.416405834465486
37.416405834465486
39.30415694655832
39.30415694655832
39.30415694655832
39.30415694655832
39.31380407843316
39.31380407843316
39.31380407843316
39.31417208671011
39.31380407843316
39.31380407843316
39.420903846480236
39.31380407843316
39.31380407843316
39.31380407843316
39.31380407843316
39.31380407843316
39.31380407843316
39.31380407843316
39.31380407843316
39.31380407843316
39.31380407843316
39.31380407843316
39.31380407843316
39.31380407843316
39.31380407843316
39.31380407843316
39.31380407843316
39.314138843517725
39.314138843517725
39.31380407843316
39.31380407843316
39.31380407843316
39.31380407843316
39.31380407843316
39.502350417638745
39.5491979547397
39.31380407843316
39.31380407843316
39.31380407843316
39.31380407843316
39.31380407843316
39.31380407843316
39.31380407843316
39.447906320784526
39.447906320784526
39.31380407843316
39.31380407843316
39.31380407843316
39.31380407843316
39.57959136593397
39.30415694655832
39.30415694655832
39.30415694655832
39.30415694655832
39.30415694655832
39.30415694655832
39.30415694655832
39.30735811917373
39.30735811917373
39.30735811917373
39.30415694655832
39.30415694655832
39.30415694655832
39.30415694655832
39.30415694655832
39.33907566720903
39.306139067353186
39.306139067353186
39.306139067353186
39.30954603534864
39.78201109350395
39.78201109350395
39.78201109350395
39.78201109350395
39.78201109350395
39.78201109350395
39.78201109350395
39.78201109350395
39.78201109350395
39.78201109350395
39.78201109350395
39.78201109350395
39.78201109350395
39.78201109350395
39.78201109350395
39.78201109350395
39.963754738322045
40.118266131677046
40.118266131677046
40.118266131677046
40.118266131677046
40.118266131677046
40.118266131677046
40.118266131677046
40.118266131677046
40.118266131677046
40.1213028994822
40.1213028994822
40.1213028994822
40.118266131677046
40.53995965206602
40.53995965206602
40.53995965206602
40.53995965206602
40.53995965206602
40.53995965206602
40.53995965206602
40.53995965206602
40.53995965206602
40.53995965206602
40.53995965206602
40.53995965206602
40.53995965206602
40.53995965206602
40.53995965206602
40.53995965206602
40.54904260627371
40.54514735220521
40.62274839280904
40.54514735220521
40.54315294708724
40.61727368501986
40.61727368501986
40.53995965206602
40.53995965206602
40.550142113800455
40.550142113800455
40.53995965206602
40.53995965206602
40.53995965206602
40.53995965206602
40.53995965206602
40.53995965206602
40.53995965206602
40.53995965206602
40.53995965206602
40.53995965206602
40.53995965206602
40.53995965206602
40.53995965206602
40.53995965206602
40.5448672432926
40.5448672432926
40.5448672432926
40.53995965206602
40.53995965206602
40.54814770575935
40.54659047189482
40.53995965206602
40.53995965206602
40.53995965206602
40.53995965206602
40.53995965206602
40.53995965206602
40.53995965206602
40.545191651448114
40.53995965206602
40.54383121427329
40.54133409745621
40.54694464686551
40.54694464686551
40.54694464686551
40.54388656361244
40.549403133241704
40.54388656361244
40.54388656361244
40.54388656361244
40.53995965206602
40.548903877613554
40.548903877613554
40.548903877613554
40.54553562110862
40.542994966468335
40.542994966468335
40.542994966468335
40.542994966468335
40.542994966468335
40.53995965206602
40.53995965206602
40.53995965206602
40.548640989286746
40.548640989286746
40.547921174685946
40.548647726772295
40.548647726772295
40.548647726772295
40.548647726772295
40.547921174685946
40.547921174685946
41.178472890996076
40.547921174685946
40.547921174685946
40.74752625714614
40.74752625714614
40.74752625714614
40.74752625714614
40.74752625714614
40.547921174685946
40.547921174685946
40.5426214208329
40.546861344002956
40.55001511351524
40.55001511351524
40.55001511351524
40.5426214208329
40.5426214208329
40.55007888914641
40.669615273181385
40.669615273181385
40.669615273181385
40.669615273181385
40.669615273181385
40.669615273181385
40.669615273181385
40.669615273181385
40.53995965206602
40.53995965206602
40.55019057270343
40.550164596129115
40.550164596129115
40.550164596129115
40.550164596129115
40.550164596129115
40.550164596129115
40.550164596129115
40.55018360337792
40.54959966520088
40.55013072758148
40.53995965206602
40.53995965206602
40.53995965206602
40.53995965206602
40.53995965206602
40.53995965206602
40.53995965206602
40.54919942322698
40.54965241692237
40.53995965206602
40.53995965206602
40.544114679551996
40.53995965206602
40.53995965206602
40.53995965206602
40.54369794035688
40.53995965206602
40.53995965206602
40.53995965206602
40.53995965206602
40.53995965206602
40.53995965206602
40.53995965206602
40.53995965206602
40.53995965206602
40.53995965206602
40.53995965206602
40.54928012974761
40.54928012974761
40.54928012974761
40.54928012974761
40.55016291662753
40.55016291662753
40.55016291662753
40.55016291662753
40.53995965206602
40.53995965206602
40.54288106709551
40.53995965206602
40.53995965206602
40.53995965206602
40.53995965206602
40.54921936753186
40.53995965206602
40.53995965206602
40.5466052930191
40.54176871198863
40.54176871198863
40.53995965206602
40.53995965206602
40.54445440329325
40.54445440329325
40.53995965206602
40.53995965206602
40.53995965206602
40.54843116134739
40.55019090020815
40.55019090020815
40.55019090020815
40.55019090020815
40.55019090020815
40.53995965206602
40.53995965206602
40.53995965206602
40.53995965206602
40.53995965206602
40.53995965206602
40.550167854076435
40.53995965206602
40.54332649791536
40.54332649791536
40.58831495630821
40.58831495630821
40.58831495630821
40.54996112432583
40.54988740430467
40.54988740430467
40.54988740430467
40.604554088217455
40.54988740430467
40.54988740430467
40.54988740430467
40.54988740430467
40.54988740430467
40.54988740430467
40.54988740430467
40.54988740430467
40.54988740430467
40.54988740430467
40.86916805564498
40.54988740430467
40.54988740430467
40.54988740430467
40.54988740430467
40.54988740430467
40.54988740430467
40.54988740430467
40.54988740430467
40.54988740430467
40.548646998324315
40.548646998324315
40.548646998324315
40.548646998324315
40.54340094161811
40.54701067548489
40.545606672406954
40.545606672406954
40.54786908496123
40.54925046045558
40.54786908496123
40.54786908496123
40.54786908496123
40.54786908496123
40.54786908496123
40.5424292596394
40.55018725203088
40.55018725203088
40.55018725203088
40.55018725203088
40.55018725203088
40.55018725203088
40.53995965206602
40.53995965206602
40.53995965206602
40.53995965206602
40.53995965206602
40.53995965206602
40.53995965206602
40.54180123586453
40.542587179457584
40.542587179457584
40.53995965206602
40.53995965206602
40.574688622950084
40.54788693141245
40.550190085285095
40.550190085285095
40.550190085285095
40.550190085285095
40.550190085285095
40.550190085285095
40.59860862682741
40.550190085285095
40.550190085285095
40.550190085285095
40.550190085285095
40.550190085285095
40.550190085285095
40.550190085285095
40.550190085285095
40.550190085285095
40.550190085285095
40.550190085285095
40.550190085285095
40.550190085285095
40.550190085285095
40.550190085285095
40.550190085285095
40.550190085285095
40.550190085285095
40.550190085285095
40.550190085285095
40.550190085285095
40.550190085285095
40.550190085285095
40.65410250686652
40.55013491700775
40.55013491700775
40.55013491700775
40.55013491700775
40.55013491700775
40.55013491700775
40.55013491700775
40.55013491700775
40.55013491700775
40.55013491700775
40.55013491700775
40.55013491700775
40.55013491700775
40.55013491700775
40.55013491700775
40.55013491700775
40.55013491700775
40.55013491700775
40.55013491700775
40.55013491700775
40.55013491700775
40.55013491700775
40.55013491700775
40.55013491700775
40.55013491700775
40.548241187192716
40.78955086592016
40.54965734890541
40.53995965206602
40.53995965206602
40.53995965206602
40.53995965206602
40.53995965206602
40.53995965206602
40.54971742980392
40.60118436952133
40.60118436952133
40.60118436952133
40.53995965206602
41.0226034146415
40.53995965206602
40.53995965206602
40.53995965206602
40.53995965206602
40.53995965206602
40.53995965206602
40.53995965206602
40.54852700275881
40.5490142692002
40.53995965206602
40.54971837858831
40.54971837858831
40.55015456653566
40.53995965206602
40.54991349301561
40.54935909006317
40.54935909006317
40.53995965206602
40.53995965206602
40.53995965206602
40.66584758802333
40.53995965206602
40.53995965206602
40.53995965206602
40.53995965206602
40.54995419487241
40.53995965206602
40.5482725870284
40.53995965206602
40.683637612573335
40.54032947225352
40.549229741531796
40.53995965206602
40.53995965206602
40.54566763155725
40.54566763155725
40.54957602673861
40.54957602673861
40.550174674323216
40.550174674323216
40.54260002511418
40.53995965206602
40.549888625589304
40.549888625589304
40.540110941048184
40.53995965206602
40.53995965206602
40.53995965206602
40.64857283567532
40.53995965206602
40.53995965206602
40.5462817903866
40.53995965206602
40.53995965206602
40.54696609778036
40.53995965206602
40.550029728334934
40.53995965206602
40.53995965206602
40.547799890503356
40.53995965206602
40.53995965206602
40.540130652003235
40.63363463248026
40.63363463248026
40.63363463248026
40.540130652003235
40.540130652003235
40.53995965206602
40.54350930420667
40.53995965206602
40.54989902430367
40.54989902430367
40.54989902430367
40.53995965206602
40.53995965206602
40.53995965206602
40.54898429639664
40.54991212793788
40.54898429639664
40.54898429639664
40.54898429639664
40.54898429639664
40.54898429639664
40.53995965206602
40.53995965206602
40.53995965206602
40.53995965206602
40.53995965206602
40.53995965206602
40.53995965206602
40.54970752971887
40.54970752971887
40.53995965206602
40.53995965206602
40.53995965206602
40.53995965206602
40.53995965206602
40.53995965206602
40.53995965206602
40.53995965206602
40.53995965206602
40.53995965206602
40.53995965206602
40.53995965206602
40.53995965206602
40.53995965206602
40.53995965206602
40.53995965206602
40.54682318270927
40.54682318270927
40.54682318270927
40.54682318270927
40.54682318270927
40.65955223406468
40.65955223406468
40.65955223406468
40.65955223406468
41.037928951184526
41.037928951184526
41.037928951184526
40.65955223406468
40.65955223406468
40.65955223406468
40.65955223406468
40.55019032281928
40.55019032281928
40.55019032281928
40.55019032281928
40.55019032281928
41.067156811357144
40.55019032281928
40.55019032281928
40.55019032281928
40.55019032281928
40.55019032281928
40.55019032281928
40.55019032281928
40.55019032281928
40.55019032281928
40.55019032281928
40.55019032281928
40.55019032281928
40.55019032281928
40.55019032281928
40.55019032281928
40.55019032281928
40.55019032281928
40.55019032281928
40.55019032281928
40.55019032281928
40.55019032281928
40.570789505767735
40.6278186010505
40.6278186010505
40.55019032281928
40.55019032281928
40.55019032281928
40.55019032281928
40.55019032281928
40.55019032281928
40.55019032281928
40.55019032281928
40.55019032281928
40.55019032281928
40.55019032281928
40.62926631172332
40.62926631172332
40.62926631172332
40.63875162180703
40.63875162180703
40.63875162180703
40.63875162180703
40.63875162180703
40.63875162180703
40.63875162180703
40.63875162180703
40.63875162180703
40.63875162180703
40.63875162180703
40.63875162180703
40.63875162180703
40.63875162180703
40.63875162180703
40.63875162180703
40.64650331468873
40.64650331468873
40.64650331468873
40.64650331468873
40.64650331468873
40.64650331468873
40.64430302968616
40.63875162180703
40.63875162180703
40.63875162180703
40.63875162180703
40.64430302968616
40.64430302968616
40.64430302968616
40.64430302968616
40.64430302968616
40.64430302968616
40.64430302968616
40.648201546330164
40.648201546330164
40.648201546330164
40.648201546330164
40.648201546330164
40.648201546330164
40.648201546330164
40.648201546330164
40.64838736806571
40.648201546330164
40.648201546330164
40.648201546330164
40.648201546330164
40.648201546330164
40.648201546330164
40.648201546330164
40.648201546330164
40.648201546330164
40.648807043221446
40.648807043221446
40.648807043221446
40.648807043221446
40.648807043221446
40.648807043221446
40.648807043221446
40.648807043221446
40.648807043221446
40.648807043221446
40.648807043221446
40.64895637586532
40.64830667493861
40.64830667493861
40.648201546330164
40.648201546330164
40.648201546330164
40.648201546330164
40.648201546330164
40.648201546330164
40.649002966489135
40.648201546330164
40.648201546330164
40.648201546330164
40.648201546330164
40.648201546330164
40.648201546330164
40.648201546330164
40.648201546330164
40.648201546330164
40.648201546330164
40.648201546330164
40.648201546330164
40.648201546330164
40.648201546330164
40.648201546330164
40.648201546330164
40.648201546330164
40.64888235625598
40.648201546330164
40.648201546330164
40.909980598410876
40.909980598410876
40.909980598410876
40.648201546330164
40.648201546330164
40.648201546330164
40.648201546330164
40.648201546330164
40.648201546330164
40.648201546330164
40.648201546330164
40.648201546330164
40.648201546330164
40.64829771508859
40.6484907779457
40.6484907779457
40.64896819547461
40.64896819547461
40.64896819547461
40.64896819547461
40.64896819547461
40.64896819547461
40.64900115557251
40.77182217510274
40.77182217510274
40.77182217510274
40.77182217510274
40.77182217510274
40.77182217510274
40.77182217510274
40.77182217510274
40.77182217510274
40.77182217510274
40.77182217510274
40.77182217510274
40.77182217510274
40.77182217510274
40.77182217510274
40.77182217510274
40.77182217510274
40.77182217510274
41.85752809686789
41.85752809686789
41.85752809686789
41.85752809686789
41.85752809686789
41.937189084926736
41.937189084926736
41.937189084926736
41.937189084926736
41.937189084926736
41.937189084926736
41.937189084926736
41.937189084926736
41.937189084926736
41.937189084926736
41.937189084926736
41.937189084926736
41.937189084926736
41.937189084926736
41.937189084926736
41.937189084926736
41.94303839658158
41.937189084926736
41.94265902459091
41.94265902459091
41.94265902459091
42.08442556657849
41.937189084926736
41.937189084926736
41.937189084926736
41.937189084926736
41.937189084926736
41.937189084926736
41.937189084926736
41.937189084926736
41.937189084926736
41.98153484715445
41.94265902459091
41.94265902459091
41.94265902459091
41.94265902459091
41.937189084926736
41.937189084926736
41.937189084926736
41.937189084926736
41.937189084926736
41.937189084926736
41.94675174671498
41.937189084926736
41.94265902459091
41.94265902459091
41.94265902459091
41.94738401793738
41.94265902459091
41.94265902459091
41.94265902459091
41.94265902459091
41.94265902459091
41.94265902459091
41.94584147261106
41.94667104315956
41.94265902459091
41.94265902459091
41.94265902459091
41.94265902459091
41.96920834758366
41.94265902459091
41.94687145780594
41.94265902459091
41.94265902459091
41.94265902459091
41.94265902459091
41.94265902459091
41.94265902459091
41.94265902459091
41.94743951274928
41.94743951274928
41.94434676190509
41.94290155321507
41.98433681498496
41.98433681498496
41.98433681498496
41.98433681498496
41.98433681498496
41.98433681498496
41.98433681498496
41.98433681498496
41.98433681498496
41.98433681498496
41.98433681498496
41.98433681498496
41.98433681498496
41.98433681498496
41.98433681498496
41.98433681498496
41.98433681498496
41.98433681498496
41.98433681498496
41.98433681498496
41.94265902459091
41.94265902459091
41.94265902459091
41.94265902459091
41.94265902459091
41.94265902459091
41.94460196230705
41.937189084926736
41.937189084926736
41.937189084926736
41.937189084926736
41.93850856693362
41.937189084926736
41.94740717054894
41.94740717054894
41.937189084926736
41.94104988497387
41.94104988497387
41.937189084926736
41.937189084926736
41.94747056705392
41.937189084926736
41.94761864300394
41.937189084926736
41.937189084926736
41.937189084926736
41.937189084926736
41.938942284599676
41.938942284599676
41.938942284599676
41.938942284599676
41.938942284599676
41.938942284599676
41.938942284599676
42.08747765605818
42.08747765605818
42.08747765605818
42.08747765605818
42.08747765605818
42.08747765605818
42.08747765605818
42.08747765605818
42.08747765605818
42.08747765605818
42.08747765605818
42.08747765605818
42.08747765605818
42.08747765605818
42.08747765605818
42.08747765605818
42.08747765605818
42.08747765605818
42.08747765605818
42.08747765605818
42.08747765605818
42.08747765605818
42.08747765605818
42.08747765605818
42.08747765605818
42.08747765605818
--------------------------------

Finishing criteria ContentFinishCriteria was met. Processing stopped.
Finished after 25 generations without Fitness improvements.
Processed generations: 1023. Processing time: 0 minutes, 4 seconds.
Best archived fitness: 42.08747765605818.
Best individual in population:
Class: ARCHER
Height: 1.9132334901682764
Item 0. originFile: armas.tsv, ID: 35397
Item 1. originFile: botas.tsv, ID: 435115
Item 2. originFile: cascos.tsv, ID: 118387
Item 3. originFile: guantes.tsv, ID: 674938
Item 4. originFile: pecheras.tsv, ID: 27671
