24.148956898172926
24.148956898172926
24.148956898172926
25.701439639276856
26.396688130411086
26.419474503009248
26.98765345458483
28.125654540714308
28.125654540714308
28.35292284303135
28.57293849046897
28.57293849046897
28.881872658763715
29.144456036991105
30.264097127037292
30.264097127037292
32.09917770736763
32.24934109668441
33.059038173477326
33.56907226464246
34.35643622658941
34.35643622658941
34.35643622658941
34.96473923526757
35.01727260199689
35.03293516364591
35.559383277819116
35.559383277819116
35.559383277819116
35.84045707964772
35.84045707964772
36.043227248156
36.844181915302215
36.88050596697224
36.88050596697224
36.968257995009196
37.21799298168231
37.568780305050346
37.568780305050346
37.568780305050346
37.568780305050346
37.57005836606473
37.57005836606473
37.57005836606473
37.57005836606473
37.57005836606473
37.57005836606473
37.57005836606473
38.05904748879392
38.05904748879392
38.05904748879392
38.086322520502485
38.05904748879392
38.05904748879392
38.05904748879392
38.086322520502485
38.086322520502485
38.086322520502485
38.086322520502485
38.086322520502485
38.086322520502485
38.086322520502485
38.19251768789011
38.19251768789011
38.19251768789011
38.19251768789011
38.23092828877774
38.23092828877774
38.23092828877774
38.23092828877774
38.337635755531764
39.140173807969546
39.140173807969546
39.140173807969546
39.140173807969546
39.14068400258435
39.14068400258435
39.14068400258435
39.14068400258435
39.14068400258435
39.14068400258435
41.62616197764406
41.74204299211975
41.742555702663594
41.742555702663594
41.742555702663594
41.742555702663594
41.742555702663594
41.74257834567207
41.742555702663594
41.82029514205674
41.93672845785354
41.93724608025339
41.82029514205674
41.93724608025339
41.93724608025339
41.93724608025339
41.93724608025339
41.82029514205674
41.82029514205674
41.82029514205674
41.93672845785354
41.82029514205674
41.82029514205674
41.93672845785354
41.82029514205674
41.93672845785354
41.93672845785354
41.93672845785354
41.93672845785354
41.93672845785354
41.93672845785354
41.93672845785354
41.93672845785354
41.93672845785354
41.93672845785354
41.93672845785354
41.82029514205674
41.742555702663594
41.742555702663594
41.742555702663594
41.742555702663594
41.742555702663594
41.742555702663594
41.742555702663594
41.742555702663594
41.742555702663594
41.742555702663594
41.742555702663594
41.742555702663594
41.742555702663594
41.742555702663594
41.742555702663594
41.742555702663594
41.742795609076595
41.74280214172176
41.74280214172176
41.742795609076595
41.742795609076595
41.742795609076595
41.742795609076595
41.742802142586136
41.742802142586136
41.742802142586136
41.742802142586136
41.742802142586136
41.742795609076595
41.742795609076595
41.742795609076595
41.742795609076595
41.742795609076595
41.742795609076595
41.742795609076595
41.742795609076595
41.742795609076595
41.742795609076595
41.742795609076595
41.742795609076595
41.742795609076595
41.742795609076595
41.742795609076595
41.742795609076595
41.742795609076595
41.742795609076595
41.742795609076595
41.742795609076595
41.742795609076595
41.742795609076595
41.742795609076595
41.742795609076595
41.742795609076595
--------------------------------

Finishing criteria ContentFinishCriteria was met. Processing stopped.
Finished after 25 generations without Fitness improvements.
Processed generations: 171. Processing time: 0 minutes, 1 seconds.
Best archived fitness: 41.742795609076595.
Best individual in population:
Class: ARCHER
Height: 1.9089015200847155
Item 0. originFile: armas.tsv, ID: 261266
Item 1. originFile: botas.tsv, ID: 560268
Item 2. originFile: cascos.tsv, ID: 217823
Item 3. originFile: guantes.tsv, ID: 823890
Item 4. originFile: pecheras.tsv, ID: 217879

